Hardware and Slurm allocation
---------------------------------------------------------------------------
Hostname:               ise-cpu256-01.auth.ad.bgu.ac.il
CPU model:              AMD EPYC 7763 64-Core Processor
Node physical cores:    128
Node logical CPUs:      256
Allocated CPUs:         64
Allocated CPU IDs:      [28, 29, 30, 31, 32, 33, 34, 35, 36, 37, 38, 39, 40, 41, 42, 43, 44, 45, 46, 47, 48, 49, 50, 51, 52, 53, 54, 55, 56, 57, 58, 59, 156, 157, 158, 159, 160, 161, 162, 163, 164, 165, 166, 167, 168, 169, 170, 171, 172, 173, 174, 175, 176, 177, 178, 179, 180, 181, 182, 183, 184, 185, 186, 187]
Slurm job ID:           19592427
Allocated GPUs:         0
---------------------------------------------------------------------------